{
 "cells": [
  {
   "cell_type": "code",
   "execution_count": 3,
   "metadata": {},
   "outputs": [],
   "source": [
    "import pickle\n",
    "import numpy as np"
   ]
  },
  {
   "cell_type": "code",
   "execution_count": 4,
   "metadata": {},
   "outputs": [],
   "source": [
    "## Code to load the array\n",
    "with open('/root/Desktop/mlss18-assignment1/Assignment_1_1/array.pickle', 'rb') as p:\n",
    "    arr = pickle.load(p)\n",
    "   # print(arr)"
   ]
  },
  {
   "cell_type": "markdown",
   "metadata": {},
   "source": [
    "Check that the size of the array (arr) is 1000. Please report if any discrepancy."
   ]
  },
  {
   "cell_type": "markdown",
   "metadata": {},
   "source": [
    "## Task 1: Resize the array to a (20x50) matrix"
   ]
  },
  {
   "cell_type": "code",
   "execution_count": 5,
   "metadata": {},
   "outputs": [],
   "source": [
    "## BEGIN CODE\n",
    "np_arr=np.array(arr)\n",
    "np_arr.resize(20,50)\n",
    "#print(np_arr)\n",
    "## END CODE"
   ]
  },
  {
   "cell_type": "markdown",
   "metadata": {},
   "source": [
    "## Task 2: Find the transpose of this matrix"
   ]
  },
  {
   "cell_type": "code",
   "execution_count": 6,
   "metadata": {},
   "outputs": [],
   "source": [
    "## BEGIN CODE\n",
    "np_arr1=np_arr.transpose()\n",
    "#print(np_arr1)\n",
    "## END CODE"
   ]
  },
  {
   "cell_type": "markdown",
   "metadata": {},
   "source": [
    "## Task 3: Find the dot product of the matrices created in Tasks 1 & 2"
   ]
  },
  {
   "cell_type": "code",
   "execution_count": 7,
   "metadata": {},
   "outputs": [
    {
     "name": "stdout",
     "output_type": "stream",
     "text": [
      "[[146849.01683828 135460.4747245  134488.05934036 112663.14213183\n",
      "  113669.24514769  93710.5165417  121476.40392393 106115.98487967\n",
      "  108474.45459776  97971.07721241 131859.42941356 122967.8407579\n",
      "  117736.0507943  102494.76239164 133562.66968841 111942.51630097\n",
      "  111761.63810227 126892.30150792 114064.23128039 121282.46252407]\n",
      " [135460.4747245  211602.24444005 157652.98313366 142281.63422162\n",
      "  150489.85768771 129373.2375846  147733.00373515 140074.92838042\n",
      "  138165.0514419  134275.8882438  173211.67578061 157984.46631436\n",
      "  150096.59871898 123071.40401045 156416.66757068 126286.74620133\n",
      "  148156.06078107 174288.73215696 150709.65242627 154781.09202476]\n",
      " [134488.05934036 157652.98313366 198261.10301209 140094.22623001\n",
      "  133061.48124711 109767.24679661 133095.94676457 132789.7968447\n",
      "  128809.76423868 120322.54551324 157890.16203522 135875.28017375\n",
      "  151902.79512042 118906.92981258 141674.91504509 117700.9459328\n",
      "  129696.3457347  150969.6939897  143151.62043831 143072.59636798]\n",
      " [112663.14213183 142281.63422162 140094.22623001 157336.771407\n",
      "  119050.45793494 106747.33747168 122138.86973101 124990.06990125\n",
      "  113267.77974114 108742.96466343 137389.62826407 125934.40013047\n",
      "  114562.32448867 101573.87844261 136071.33122668 108338.9826602\n",
      "  119275.64152925 134486.37781964 128787.04387052 123477.46253439]\n",
      " [113669.24514769 150489.85768771 133061.48124711 119050.45793494\n",
      "  170044.62164306 118014.46608695 113323.0335134  129647.35611466\n",
      "  136162.35352898 121529.39177189 147662.76226718 144382.14632804\n",
      "  140090.26138795 102694.01095853 122927.69417464 120569.57237705\n",
      "  125034.31875765 134754.91437977 138876.00478475 145775.9273347 ]\n",
      " [ 93710.5165417  129373.2375846  109767.24679661 106747.33747168\n",
      "  118014.46608695 135389.74619482 101080.00673818 108141.83732208\n",
      "  115243.94862416 100352.28330494 114838.17738777 119711.28200594\n",
      "  111541.2951899   84714.65463135 118619.17813658  97902.79911342\n",
      "  104417.3643442  119814.24430309 112196.54093453 119227.63319359]\n",
      " [121476.40392393 147733.00373515 133095.94676457 122138.86973101\n",
      "  113323.0335134  101080.00673818 151880.66667787 116045.35955997\n",
      "  108127.08211659  99912.6640563  136199.16798114 137250.08969051\n",
      "  118404.08912531 102879.50477811 133519.86996275  99233.43452871\n",
      "  116075.56365395 126237.41086618 112876.81371146 132221.20172432]\n",
      " [106115.98487967 140074.92838042 132789.7968447  124990.06990125\n",
      "  129647.35611466 108141.83732208 116045.35955997 157474.47053715\n",
      "  122206.46636651 117186.53279732 146933.80377351 136561.48383686\n",
      "  127901.70748693 107195.00243931 137226.46905817 106721.93296559\n",
      "  113270.23333132 125911.25944541 118457.13623713 133192.39593847]\n",
      " [108474.45459776 138165.0514419  128809.76423868 113267.77974114\n",
      "  136162.35352898 115243.94862416 108127.08211659 122206.46636651\n",
      "  166229.50858264 113980.81740394 131934.98257034 138258.20127611\n",
      "  128600.65695436 106094.84983467 125566.89397304  99432.39921129\n",
      "  117298.56584291 120191.49058685 119048.82407554 122224.27503591]\n",
      " [ 97971.07721241 134275.8882438  120322.54551324 108742.96466343\n",
      "  121529.39177189 100352.28330494  99912.6640563  117186.53279732\n",
      "  113980.81740394 154706.23412074 123531.33539427 123636.17861437\n",
      "  120435.15981665 102443.29126225 116244.06676188 101079.04031655\n",
      "  113691.76335553 118318.70733329 113681.80144083 122989.33400803]\n",
      " [131859.42941356 173211.67578061 157890.16203522 137389.62826407\n",
      "  147662.76226718 114838.17738777 136199.16798114 146933.80377351\n",
      "  131934.98257034 123531.33539427 191939.04589884 155799.37238331\n",
      "  152851.15142123 118881.76029451 151037.07622947 135710.62126071\n",
      "  145087.8591343  151258.36349145 144547.81009023 147516.9154375 ]\n",
      " [122967.8407579  157984.46631436 135875.28017375 125934.40013047\n",
      "  144382.14632804 119711.28200594 137250.08969051 136561.48383686\n",
      "  138258.20127611 123636.17861437 155799.37238331 186240.71622822\n",
      "  146076.72286527 116530.35889407 148614.83907398 111143.17958321\n",
      "  130740.86354712 142220.37617227 135013.81259639 147120.46874505]\n",
      " [117736.0507943  150096.59871898 151902.79512042 114562.32448867\n",
      "  140090.26138795 111541.2951899  118404.08912531 127901.70748693\n",
      "  128600.65695436 120435.15981665 152851.15142123 146076.72286527\n",
      "  176722.77653006 108254.98979361 131234.79492595 115949.01027877\n",
      "  127242.82515492 141474.80215573 146049.49066111 133346.24295423]\n",
      " [102494.76239164 123071.40401045 118906.92981258 101573.87844261\n",
      "  102694.01095853  84714.65463135 102879.50477811 107195.00243931\n",
      "  106094.84983467 102443.29126225 118881.76029451 116530.35889407\n",
      "  108254.98979361 131744.57936873 114157.54969008  83431.31060408\n",
      "  103981.18084226 103655.78102425 102765.1758593  105816.20901888]\n",
      " [133562.66968841 156416.66757068 141674.91504509 136071.33122668\n",
      "  122927.69417464 118619.17813658 133519.86996275 137226.46905817\n",
      "  125566.89397304 116244.06676188 151037.07622947 148614.83907398\n",
      "  131234.79492595 114157.54969008 178327.30618129 115333.78288395\n",
      "  129597.72988334 142956.27935174 128000.26363994 133720.03880396]\n",
      " [111942.51630097 126286.74620133 117700.9459328  108338.9826602\n",
      "  120569.57237705  97902.79911342  99233.43452871 106721.93296559\n",
      "   99432.39921129 101079.04031655 135710.62126071 111143.17958321\n",
      "  115949.01027877  83431.31060408 115333.78288395 138773.02434887\n",
      "  109792.57364882 125022.04004507 109842.79036868 120301.61978146]\n",
      " [111761.63810227 148156.06078107 129696.3457347  119275.64152925\n",
      "  125034.31875765 104417.3643442  116075.56365395 113270.23333132\n",
      "  117298.56584291 113691.76335553 145087.8591343  130740.86354712\n",
      "  127242.82515492 103981.18084226 129597.72988334 109792.57364882\n",
      "  160711.16684666 127237.52221474 119602.22892725 128116.62674377]\n",
      " [126892.30150792 174288.73215696 150969.6939897  134486.37781964\n",
      "  134754.91437977 119814.24430309 126237.41086618 125911.25944541\n",
      "  120191.49058685 118318.70733329 151258.36349145 142220.37617227\n",
      "  141474.80215573 103655.78102425 142956.27935174 125022.04004507\n",
      "  127237.52221474 177862.55697498 146258.08959271 137981.57604992]\n",
      " [114064.23128039 150709.65242627 143151.62043831 128787.04387052\n",
      "  138876.00478475 112196.54093453 112876.81371146 118457.13623713\n",
      "  119048.82407554 113681.80144083 144547.81009023 135013.81259639\n",
      "  146049.49066111 102765.1758593  128000.26363994 109842.79036868\n",
      "  119602.22892725 146258.08959271 172509.69432006 130355.17856673]\n",
      " [121282.46252407 154781.09202476 143072.59636798 123477.46253439\n",
      "  145775.9273347  119227.63319359 132221.20172432 133192.39593847\n",
      "  122224.27503591 122989.33400803 147516.9154375  147120.46874505\n",
      "  133346.24295423 105816.20901888 133720.03880396 120301.61978146\n",
      "  128116.62674377 137981.57604992 130355.17856673 178723.08288711]]\n"
     ]
    }
   ],
   "source": [
    "## BEGIN CODE\n",
    "np_arr2=np.dot(np_arr,np_arr1)\n",
    "print(np_arr2)\n",
    "## END CODE"
   ]
  },
  {
   "cell_type": "markdown",
   "metadata": {},
   "source": [
    "## Task 4: Find the row-wise sum of the resulting matrix"
   ]
  },
  {
   "cell_type": "code",
   "execution_count": 8,
   "metadata": {},
   "outputs": [
    {
     "name": "stdout",
     "output_type": "stream",
     "text": [
      "[2365442.27809957 3002112.3995789  2779184.43777157 2477210.32440039\n",
      " 2627759.87742664 2220803.79590608 2429710.18283941 2508044.22721641\n",
      " 2459318.36600334 2325031.07739166 2896081.10050922 2762062.07921721\n",
      " 2660473.74582437 2141287.18395127 2694809.41626161 2254508.32241154\n",
      " 2480788.07237605 2727792.51946167 2586794.20382212 2681242.33967484]\n"
     ]
    }
   ],
   "source": [
    "## BEGIN CODE\n",
    "import numpy as np\n",
    "\n",
    "np_arr3=np.sum(np_arr2,axis=1)\n",
    "print(np_arr3)\n",
    "## END CODE"
   ]
  },
  {
   "cell_type": "markdown",
   "metadata": {},
   "source": [
    "## Task 5: Find the square root of all elements in the resulting matrix"
   ]
  },
  {
   "cell_type": "code",
   "execution_count": 9,
   "metadata": {},
   "outputs": [
    {
     "name": "stdout",
     "output_type": "stream",
     "text": [
      "[[3.92078805 7.57013097 7.49007143 9.80430413 9.3811686  6.80105128\n",
      "  8.80520719 9.12847303 8.77032251 6.90734468 7.31263231 5.22855126\n",
      "  3.03662118 3.4793956  7.83046139 4.26220158 9.86834657 4.83518185\n",
      "  9.76695521 8.75784325 3.27582275 6.86459127 4.07745529 4.10152436\n",
      "  3.62560429 6.31246736 6.15550287 5.85033144 3.95635413 4.56758987\n",
      "  6.38001044 3.30852143 8.00376194 6.74352391 7.61101027 6.19584067\n",
      "  8.81106461 8.00384149 2.46844512 9.48190029 1.80110465 9.12439673\n",
      "  2.1487762  6.29138555 9.14592192 8.85299814 5.72668939 8.19867623\n",
      "  3.34918548 4.96284116]\n",
      " [9.41219132 5.13983013 5.75821288 7.56402515 8.22902845 5.32114084\n",
      "  4.63827938 6.4414247  9.97380367 6.13630243 8.24240128 2.55759213\n",
      "  9.49034478 8.96662816 9.06168377 9.88429223 9.19615056 7.27516793\n",
      "  9.87129275 5.9882334  6.16322166 7.37400699 9.93420174 4.14618634\n",
      "  4.30716214 8.34999632 6.86416829 9.99723922 8.02655542 7.14644571\n",
      "  7.87812504 5.91326822 8.42434947 8.99373582 7.33939446 6.80741512\n",
      "  9.72947488 5.78163044 6.59642    4.46444224 9.99796147 3.20443548\n",
      "  6.09887013 9.90690576 9.44174169 7.28607852 8.89692279 9.34918542\n",
      "  8.20438692 4.83404544]\n",
      " [1.67193968 8.69582009 6.3966343  9.68535702 9.509246   9.76381751\n",
      "  8.38604911 7.58003896 8.295032   9.23765486 5.97519444 9.98278913\n",
      "  9.01580932 9.23847884 9.48091922 6.47647918 9.8155527  5.80437734\n",
      "  5.86554173 8.82403773 3.1928983  9.03397711 4.79177837 8.10646471\n",
      "  0.73422438 8.41959406 4.81787806 6.59538909 9.079427   9.35343461\n",
      "  9.1011385  3.27272982 1.12815525 8.60167268 9.40376447 4.18622227\n",
      "  6.77442812 2.79100756 8.98349338 1.69102765 3.12199827 6.73652896\n",
      "  3.87253502 3.79561342 9.00548107 7.32120295 5.23721757 7.783011\n",
      "  7.91550475 9.67578641]\n",
      " [5.92375295 6.01069982 5.63337011 4.87099171 8.58710628 8.55909693\n",
      "  9.87980309 8.8464239  7.28861965 7.25590568 8.92221663 8.97483537\n",
      "  6.45571007 6.11446888 6.96249505 6.6540331  5.59915622 2.84762435\n",
      "  9.05971816 3.67135096 9.43072265 9.81079404 3.46188791 5.73889537\n",
      "  7.52660515 9.83493471 5.94527474 5.98434275 8.36016316 6.43660414\n",
      "  6.76984759 9.06347853 8.90057522 6.40350823 8.17078332 3.69533413\n",
      "  5.39224773 3.3313203  8.82409565 6.96434724 4.4630573  3.10602921\n",
      "  6.87360069 5.18371899 9.23283745 4.12332875 8.22230303 3.96103243\n",
      "  8.84114356 3.00349279]\n",
      " [9.02072146 9.02656312 7.68763498 8.94437616 9.62256185 6.77585223\n",
      "  1.98146408 4.45981735 6.16292875 8.26116861 7.43581401 6.77505814\n",
      "  1.9813035  5.96956272 4.69102355 7.46912907 2.2793613  8.77853216\n",
      "  7.15032132 6.87985627 9.18626293 9.18707639 9.044429   5.96730613\n",
      "  8.82597613 2.2492242  5.1931192  8.3045428  7.16292614 8.66865974\n",
      "  5.37050729 9.05827867 5.95164009 7.79712747 6.89530753 9.02164487\n",
      "  7.78741127 7.4652332  7.37896271 6.28843614 6.20369634 8.38499259\n",
      "  6.47847114 9.69419538 2.07507235 5.46719446 6.40163206 8.65056547\n",
      "  5.55763335 9.42662682]\n",
      " [1.72658919 5.33816077 7.89272246 7.48767757 4.00563358 7.13373332\n",
      "  5.58055229 3.92540933 4.98022233 7.51908633 2.92757129 6.05994006\n",
      "  8.04074331 2.80632597 4.11992724 8.80140396 5.79950181 7.18695242\n",
      "  9.95541729 3.5493843  9.24003876 4.84560849 9.64800296 2.75404455\n",
      "  8.83468242 3.49380554 3.95262097 5.9642382  7.34461992 6.63775395\n",
      "  9.86992238 6.57320366 4.18133971 5.96005501 9.80526707 2.36512086\n",
      "  7.4411023  9.85185516 8.01431699 7.22469875 8.08723365 5.83310841\n",
      "  9.08960744 6.72564413 3.82273468 7.58163783 7.4797897  2.63235639\n",
      "  6.52848739 4.54115931]\n",
      " [5.53268082 9.55809052 4.6990264  9.281006   9.33651142 5.49740592\n",
      "  9.44093583 2.85550148 8.95837175 8.1464061  5.0937974  6.14336785\n",
      "  9.07170545 4.79110545 9.20452903 8.39025698 9.41128995 6.61093069\n",
      "  9.88451811 6.30549209 3.10485862 8.19084213 2.82413663 2.87725497\n",
      "  7.28436995 4.92355153 9.54973568 3.78229035 7.9601487  2.4176124\n",
      "  7.79003412 5.35068099 9.40933802 6.36803582 4.63744202 1.69128853\n",
      "  5.01119059 4.46251546 2.19697896 5.89883895 5.60508405 4.5471169\n",
      "  8.50015352 8.46848893 8.568819   4.83240194 8.09140056 7.96499899\n",
      "  6.10942868 2.93049074]\n",
      " [4.96751478 8.97742531 3.23141347 9.2132866  5.29894345 7.15723985\n",
      "  3.4234884  9.01655655 1.71386039 8.23842501 6.58742036 6.76773936\n",
      "  7.68744256 3.70590269 6.95539744 9.08710241 6.51980796 9.74712954\n",
      "  5.35061273 3.4770737  7.49836715 6.21174909 5.65018991 9.89863772\n",
      "  9.10205746 7.77598568 5.24439901 5.86144019 9.98988621 9.25951488\n",
      "  1.71364768 7.88294409 7.78461734 7.31436311 5.40677817 1.12353825\n",
      "  5.32511021 7.16652104 4.9644792  9.49877841 6.13632255 4.16093227\n",
      "  5.11615812 7.53842549 8.31559887 6.28723383 8.27323464 7.87646069\n",
      "  9.69636759 6.53429668]\n",
      " [2.67062989 7.4520535  1.07636994 9.13688064 4.94691792 4.84499417\n",
      "  3.37531061 1.62160556 8.57129778 7.55607927 7.93216562 1.14020889\n",
      "  6.32214083 4.53013948 9.73406979 0.50803193 6.64568094 6.26159058\n",
      "  5.34190008 9.48258852 9.29374147 3.75987255 9.16300545 5.32661777\n",
      "  7.95390256 6.13021791 5.35913949 3.81877214 9.96130786 6.83228373\n",
      "  8.37054672 9.61616028 5.43195968 8.87950859 7.41463805 7.66270901\n",
      "  6.17594631 9.1924421  9.76800271 8.13314094 2.94708884 9.68460757\n",
      "  3.72781617 9.88398777 1.70230009 5.45745258 8.91748962 3.71338395\n",
      "  9.12534124 7.27324888]\n",
      " [6.61058919 5.29643404 0.95208622 6.57882994 4.12351777 6.0623609\n",
      "  1.32904656 8.33687311 5.41082901 4.14082579 9.76009369 8.41378183\n",
      "  6.93222399 9.35057361 5.09332253 7.86847872 9.53254448 9.46175396\n",
      "  4.53896159 5.15622443 5.29853689 5.07911031 9.58819161 9.58869159\n",
      "  9.87407716 3.25379698 8.67357774 6.14215706 3.82123734 5.09268959\n",
      "  9.44422892 8.2764831  6.86241252 1.83544722 7.1103376  8.95282092\n",
      "  3.66620098 4.84526357 9.78041172 8.44162269 0.65307831 1.16091049\n",
      "  4.5210299  9.47048787 7.67288581 8.5766023  4.85516769 5.61529607\n",
      "  4.1669548  7.14497458]\n",
      " [7.29402313 9.41559675 8.37308147 7.21843807 7.57105623 6.07514465\n",
      "  4.26428615 9.24577536 9.80900343 7.70038739 8.6629492  6.22235119\n",
      "  9.74367393 8.01398816 8.71804114 7.38769187 3.21949255 8.5589515\n",
      "  7.58333984 7.353141   7.37489189 8.15402577 4.47443025 9.09358685\n",
      "  4.87845435 7.16875977 9.32595301 7.71283231 9.79379027 9.28347574\n",
      "  6.68901532 2.6264044  9.92979057 9.47526076 6.14173002 7.47377906\n",
      "  9.14576518 6.73596916 5.03358359 8.4839074  7.56016935 5.120894\n",
      "  6.42276911 5.51551344 5.04378791 7.02010092 4.62601171 8.95535158\n",
      "  8.19780698 6.65146193]\n",
      " [8.86561573 8.15472497 4.72626781 7.90545287 6.87042842 2.3076588\n",
      "  4.80409808 9.1630945  6.79356095 9.80657722 7.26147545 1.65462972\n",
      "  9.83525755 2.88432902 9.2443609  7.45323723 7.72984714 8.75388028\n",
      "  9.67296535 8.45010437 9.99216119 7.42002749 4.85443561 7.43365487\n",
      "  6.7016942  6.66852113 8.62572206 1.28587542 9.62299589 3.49842526\n",
      "  8.34104273 9.74983126 7.72757239 2.66152885 6.08632664 6.90814306\n",
      "  2.10715042 8.94007014 4.11421716 4.30070699 8.49927203 8.23247233\n",
      "  7.82472637 9.51142148 5.46807507 8.02889223 5.33665173 9.21890338\n",
      "  4.66017155 8.71722009]\n",
      " [8.32483388 4.97799923 9.60098355 9.06525658 8.61943463 6.21485875\n",
      "  2.08665197 7.87726345 6.55679743 8.80837184 4.25115027 4.62717397\n",
      "  8.86784008 9.17895531 8.19374347 4.57905582 7.90363577 7.09937644\n",
      "  3.75394945 8.75425003 7.49178745 5.38301274 7.24524447 8.12872866\n",
      "  8.37089184 4.73935362 7.13685993 5.8841718  8.04156091 9.88260016\n",
      "  7.32281991 3.35362433 7.54824913 9.45196829 1.93214677 6.12883572\n",
      "  3.06904205 9.97599627 8.86508412 0.46073109 4.52726275 8.20178971\n",
      "  9.26999105 6.027661   9.41458906 8.12059004 4.34738944 8.27730693\n",
      "  5.00728194 9.56758307]\n",
      " [2.75833903 7.63892131 6.00163006 6.08741068 2.34134093 3.02997862\n",
      "  7.25399719 9.83191881 9.53326526 6.95642306 7.8786131  9.60597565\n",
      "  6.7216111  4.58960333 9.33515299 5.75916737 7.04072402 7.70529106\n",
      "  5.56509318 9.39461417 6.86442829 0.02382277 9.10974541 5.53027877\n",
      "  8.1579213  5.12193288 8.76133979 2.1331186  1.00794184 4.76491986\n",
      "  3.47983534 5.44737966 2.99570823 3.04364832 4.0441024  2.97986658\n",
      "  5.67493869 2.69560608 5.78434431 4.37322655 6.01872002 7.67337153\n",
      "  2.40798699 5.47029187 8.13909655 6.67117561 9.41906183 9.85876432\n",
      "  9.15287839 6.98881002]\n",
      " [5.93516044 7.02354152 2.47041384 9.37695111 2.61064079 7.04435037\n",
      "  8.91272912 9.25250182 9.1942167  9.77554333 9.69565702 5.52177928\n",
      "  6.77376138 2.49264296 8.59175562 6.60536341 8.32973503 4.71792555\n",
      "  9.5637002  6.51068959 5.67610212 2.03281576 2.01216602 9.32686294\n",
      "  6.07342194 6.33394946 6.22802729 5.58602109 7.00721761 8.46444327\n",
      "  7.02784591 9.13851313 8.69193593 7.49046617 9.61711162 4.83219774\n",
      "  7.8711489  8.71758486 0.70868428 7.15667229 7.82359855 3.61054252\n",
      "  9.53497238 5.77021246 9.27926782 8.82337015 9.45104747 7.11019368\n",
      "  5.47214089 4.12243337]\n",
      " [7.68785694 9.07046693 9.87445022 3.45363654 8.18562091 5.98245187\n",
      "  7.35411611 6.75301017 7.00194774 6.74251109 3.2719838  6.510508\n",
      "  7.51051448 6.19941169 6.26429469 5.96187635 5.31152813 7.12170104\n",
      "  4.9257499  5.57172199 5.40911366 7.2549996  4.95891094 8.58549319\n",
      "  7.58640511 8.3607428  1.02715788 9.81440317 3.64999512 7.73975223\n",
      "  6.59172595 3.22941806 9.57692682 3.98336504 7.99948949 9.6674664\n",
      "  9.258322   7.44667605 4.77710644 9.2962066  1.61363535 8.30320214\n",
      "  7.05873319 5.27880279 3.6479244  8.72129769 6.65180181 4.04346664\n",
      "  3.50848423 3.52122528]\n",
      " [3.48640474 4.17413701 6.53624335 8.43380736 6.88970956 4.50668431\n",
      "  4.59646698 5.44359612 8.98573726 2.98238185 8.08368539 7.64870783\n",
      "  6.3890736  9.83746331 4.04179824 9.57468323 7.5755753  1.22861715\n",
      "  6.57199669 7.53102526 8.90967964 8.94368822 4.93418947 9.90211885\n",
      "  5.1934046  7.47172631 8.70009997 3.2507589  4.33465267 4.0600996\n",
      "  8.75698687 6.63562209 9.12059585 9.32844582 3.88411282 8.29978322\n",
      "  7.57419013 6.28271211 5.21523981 5.29056247 8.69073639 8.64328534\n",
      "  8.21188138 4.9672134  1.32909217 8.82122672 9.82421196 7.9478804\n",
      "  7.49681714 5.8549155 ]\n",
      " [9.3866823  3.39451179 8.63304841 6.30096337 8.24731068 6.89517645\n",
      "  7.21110816 4.86633103 5.01433641 6.91205251 5.96746677 3.38296469\n",
      "  9.45210052 6.06501498 8.51452955 3.8188501  9.3816221  7.53121897\n",
      "  8.95916246 2.47324039 4.98930704 8.53414966 6.88267425 5.9028481\n",
      "  5.38610571 8.04415977 3.21610412 8.98271633 6.84875117 5.95388516\n",
      "  8.6794207  7.81534169 8.55804994 8.06060102 9.66846733 7.78117578\n",
      "  8.95460255 6.70045382 8.24689967 5.38907927 8.8014304  4.78251329\n",
      "  6.17414735 4.06517257 9.68549752 9.33542157 7.32637024 9.98059027\n",
      "  8.70307544 7.48625816]\n",
      " [9.95938687 0.26330641 9.92457804 8.05255708 9.52155905 9.95240575\n",
      "  9.13772747 7.29978445 5.2030463  7.15518793 9.06014404 4.33520901\n",
      "  8.04251147 8.1211136  7.49125025 2.29446666 5.80024362 4.3253271\n",
      "  7.51279688 5.94018661 8.51104804 6.34680685 9.06410851 8.82989647\n",
      "  7.72279845 3.63427758 6.71601467 8.92782981 9.31765119 5.15720496\n",
      "  5.24216485 6.60494319 2.95801724 8.57515065 7.24585336 3.67001382\n",
      "  5.17074545 5.16964266 9.90404853 6.39884488 8.19647919 8.1134436\n",
      "  8.19797353 4.50598206 6.75889803 4.86269858 3.8590526  9.96908226\n",
      "  4.69506941 6.6691858 ]\n",
      " [8.14664024 9.36533136 7.41259151 9.90657545 8.91092552 9.71158067\n",
      "  3.60875055 6.6651849  3.37894057 9.45377243 4.99471113 3.07021758\n",
      "  8.74114668 9.40981208 4.5159476  9.13423928 9.22246331 9.5251474\n",
      "  8.58255388 9.11351409 8.6509084  8.64468932 2.84186295 6.09710057\n",
      "  9.71639922 4.53361043 8.5648348  7.7086275  6.77441414 3.7139077\n",
      "  6.0321647  7.27812919 4.51145404 4.4019556  8.61654944 6.38548166\n",
      "  9.54558764 5.52261856 2.73043393 5.15713393 3.21987664 3.95360985\n",
      "  6.12771632 8.30757131 3.23918382 7.46062601 9.48259549 6.90743356\n",
      "  6.99193277 5.89137381]]\n"
     ]
    }
   ],
   "source": [
    "## BEGIN CODE\n",
    "np_arr4=np_arr**0.5\n",
    "print(np_arr4)\n",
    "## END CODE"
   ]
  },
  {
   "cell_type": "markdown",
   "metadata": {},
   "source": [
    "## Task 6: Find the sine value of all elements in the resulting matrix"
   ]
  },
  {
   "cell_type": "code",
   "execution_count": null,
   "metadata": {},
   "outputs": [],
   "source": [
    "## BEGIN CODE\n",
    "np_arr5=np.sin(np_arr4)\n",
    "print(np_arr5)\n",
    "## END CODE"
   ]
  },
  {
   "cell_type": "markdown",
   "metadata": {},
   "source": [
    "## Create submission file"
   ]
  },
  {
   "cell_type": "code",
   "execution_count": null,
   "metadata": {},
   "outputs": [],
   "source": [
    "## Assign the name of the variable containing the final matrix to VARIABLE_NAME variable.\n",
    "\n",
    "VARIABLE_NAME = np_arr5\n",
    "with open('submission.pickle', 'wb') as p:\n",
    "    pickle.dump(VARIABLE_NAME, p)"
   ]
  },
  {
   "cell_type": "code",
   "execution_count": null,
   "metadata": {},
   "outputs": [],
   "source": []
  },
  {
   "cell_type": "code",
   "execution_count": null,
   "metadata": {},
   "outputs": [],
   "source": []
  }
 ],
 "metadata": {
  "kernelspec": {
   "display_name": "Python 3",
   "language": "python",
   "name": "python3"
  },
  "language_info": {
   "codemirror_mode": {
    "name": "ipython",
    "version": 3
   },
   "file_extension": ".py",
   "mimetype": "text/x-python",
   "name": "python",
   "nbconvert_exporter": "python",
   "pygments_lexer": "ipython3",
   "version": "3.6.4"
  }
 },
 "nbformat": 4,
 "nbformat_minor": 2
}
